<svg width="0" height="0" className="site-svg-masks position-absolute t-0 l-0 pointer-events-none" preserveAspectRatio="none">
  <clipPath id="svg-puff-mask-shape-a" clipPathUnits="objectBoundingBox">
    <path id="svg-puff-mask-shape-a-path" d="M0.916571 0.515152C0.965679 0.487564 1 0.425054 1 0.352228C1 0.253903 0.937496 0.174183 0.860394 0.174183C0.827274 0.174183 0.796895 0.188958 0.772958 0.213534C0.774776 0.202075 0.775747 0.190228 0.775747 0.178076C0.775747 0.0797507 0.713243 3.0505e-05 0.636133 3.05017e-05C0.571235 3.04988e-05 0.516688 0.0565176 0.501045 0.133037C0.485403 0.0565176 0.430847 3.04927e-05 0.365949 3.04899e-05C0.288847 3.04865e-05 0.226343 0.0797402 0.226343 0.178076C0.226343 0.191193 0.227536 0.203943 0.229643 0.216262C0.205327 0.190049 0.173935 0.174183 0.139606 0.174183C0.0625041 0.174183 1.40491e-08 0.253892 9.75067e-09 0.352228C6.56736e-09 0.425054 0.0343296 0.487564 0.0834294 0.515152C0.0343213 0.54274 -1.30928e-09 0.60525 -4.49259e-09 0.678076C-8.79052e-09 0.776401 0.0625041 0.856121 0.139606 0.856121C0.172495 0.856121 0.202669 0.841524 0.226524 0.817263C0.226491 0.818848 0.226335 0.82039 0.226335 0.821985C0.226335 0.92031 0.288839 1.00003 0.36594 1.00003C0.430847 1.00003 0.485394 0.943543 0.501037 0.867024C0.516679 0.943543 0.571226 1.00003 0.636125 1.00003C0.713235 1.00003 0.775739 0.920321 0.775739 0.821985C0.775739 0.821083 0.775648 0.820222 0.775632 0.81932C0.799149 0.842301 0.828467 0.85611 0.860386 0.85611C0.937488 0.85611 0.999992 0.776401 0.999992 0.678065C0.999992 0.60524 0.96567 0.542729 0.916562 0.515141" fill="#D9D9D9" />
  </clipPath>
  <clipPath id="svg-puff-mask-shape-b" clipPathUnits="objectBoundingBox">
    <path id="svg-puff-mask-shape-b-path" d="M1 0.498666C1 0.400088 0.920285 0.320185 0.821957 0.320185C0.821058 0.320185 0.82019 0.320304 0.819298 0.320319C0.842282 0.290255 0.85609 0.252771 0.85609 0.211974C0.85609 0.113404 0.776375 0.033493 0.678047 0.033493C0.60522 0.033493 0.542706 0.0773756 0.515122 0.140154C0.487537 0.0773756 0.425023 0.033493 0.352196 0.033493C0.253868 0.033493 0.174153 0.113404 0.174153 0.211974C0.174153 0.254314 0.188932 0.29315 0.213502 0.323752C0.202045 0.321427 0.190194 0.320185 0.178043 0.320185C0.079715 0.320185 0 0.400096 0 0.498666C0 0.597235 0.079715 0.677138 0.178043 0.677138C0.191165 0.677138 0.203915 0.675619 0.216224 0.672922C0.190013 0.704007 0.174145 0.744133 0.174145 0.788023C0.174145 0.886593 0.25386 0.966496 0.352188 0.966496C0.425015 0.966496 0.487529 0.922613 0.515114 0.859834C0.542698 0.922613 0.605212 0.966496 0.678039 0.966496C0.776367 0.966496 0.856082 0.886585 0.856082 0.788023C0.856082 0.745976 0.841485 0.707408 0.817223 0.676909C0.818809 0.676948 0.820355 0.677146 0.821949 0.677146C0.920277 0.677146 0.999992 0.597235 0.999992 0.498673L1 0.498666Z" fill="#D9D9D9" />
  </clipPath>
  <clipPath id="svg-puff-mask-shape-a-vertical" clipPathUnits="objectBoundingBox">
    <path id="svg-puff-mask-shape-a-vertical-path" d="M.485.083A.147.147 0 0 1 .529.036a.195.195 0 0 1 .065-.03A.225.225 0 0 1 .74.02c.022.01.04.024.055.04a.125.125 0 0 1 .028.055.11.11 0 0 1-.003.06.131.131 0 0 1-.034.052.22.22 0 0 1 .132.02c.039.02.067.05.077.085a.114.114 0 0 1-.02.104.18.18 0 0 1-.108.063.18.18 0 0 1 .108.063.114.114 0 0 1 .02.105.147.147 0 0 1-.079.085.22.22 0 0 1-.132.018.133.133 0 0 1 .035.053.11.11 0 0 1 .005.059.124.124 0 0 1-.028.055.166.166 0 0 1-.054.042.225.225 0 0 1-.147.015.195.195 0 0 1-.066-.03.147.147 0 0 1-.044-.048.147.147 0 0 1-.044.048.195.195 0 0 1-.065.03A.225.225 0 0 1 .23.98.168.168 0 0 1 .175.94.125.125 0 0 1 .147.884.11.11 0 0 1 .149.826.13.13 0 0 1 .183.773H.178A.209.209 0 0 1 .06.74.134.134 0 0 1 .001.652a.117.117 0 0 1 .03-.096.183.183 0 0 1 .102-.057A.183.183 0 0 1 .03.442.117.117 0 0 1 .001.346.134.134 0 0 1 .061.26.209.209 0 0 1 .177.224H.18A.13.13 0 0 1 .149.171.11.11 0 0 1 .147.113a.126.126 0 0 1 .03-.054A.17.17 0 0 1 .23.02.213.213 0 0 1 .376.007a.194.194 0 0 1 .065.029.15.15 0 0 1 .044.047Z" fill="#D9D9D9" />
  </clipPath>
  <clipPath id="svg-puff-mask-shape-b-vertical" clipPathUnits="objectBoundingBox">
    <path id="svg-puff-mask-shape-b-vertical-path" d="M0.501424 1C0.60708 1 0.692721 0.920285 0.692721 0.821957C0.692721 0.821058 0.692594 0.82019 0.692577 0.819298C0.7248 0.842282 0.764976 0.85609 0.808703 0.85609C0.914351 0.85609 1 0.776375 1 0.678047C1 0.60522 0.952966 0.542706 0.88568 0.515122C0.952966 0.487537 1 0.425023 1 0.352196C1 0.253868 0.914351 0.174153 0.808703 0.174153C0.763323 0.174153 0.721698 0.188932 0.688898 0.213502C0.69139 0.202045 0.692721 0.190194 0.692721 0.178043C0.692721 0.079715 0.607072 -1.71754e-08 0.501424 -2.17934e-08C0.395776 -2.64114e-08 0.310136 0.0797149 0.310136 0.178043C0.310136 0.191164 0.311763 0.203915 0.314654 0.216224C0.281337 0.190013 0.238331 0.174145 0.191288 0.174145C0.0856406 0.174145 2.05684e-08 0.25386 1.62703e-08 0.352188C1.3087e-08 0.425015 0.0470337 0.487529 0.11432 0.515114C0.0470337 0.542698 5.21029e-09 0.605212 2.02693e-09 0.678039C-2.27113e-09 0.776367 0.0856491 0.856082 0.191288 0.856082C0.236355 0.856082 0.277692 0.841485 0.310382 0.817223C0.310339 0.818809 0.310127 0.820355 0.310127 0.821949C0.310127 0.920277 0.395776 0.999992 0.501416 0.999992L0.501424 1Z" fill="#D9D9D9" />
  </clipPath>
  <clipPath id="svg-puff-mask-rectangle" clipPathUnits="objectBoundingBox">
    <path id="svg-puff-mask-rectangle-path" d="M0.298802 0.0676077C0.306981 0.0280585 0.327198 -1.43023e-08 0.350887 -1.53378e-08C0.373005 -1.63046e-08 0.39202 0.0244431 0.401187 0.0599524C0.410295 0.0244431 0.429368 -1.87683e-08 0.451486 -1.97351e-08C0.475118 -2.07681e-08 0.495335 0.0280585 0.503571 0.0676077C0.511758 0.0280585 0.531975 -2.32534e-08 0.555656 -2.42885e-08C0.577774 -2.52553e-08 0.596798 0.0244431 0.605956 0.0599524C0.615056 0.0244431 0.634138 -2.7719e-08 0.656255 -2.86858e-08C0.676686 -2.95789e-08 0.694574 0.0210164 0.704333 0.0522816C0.714141 0.0210164 0.731972 -3.19955e-08 0.75246 -3.28911e-08C0.774578 -3.38579e-08 0.793651 0.0244431 0.80276 0.0599524C0.81186 0.0244431 0.830942 -3.63216e-08 0.853059 -3.72884e-08C0.884006 -3.86411e-08 0.909102 0.0479431 0.909102 0.107062C0.909102 0.10799 0.909053 0.108933 0.909053 0.10986C0.918647 0.0953675 0.930734 0.0865649 0.943957 0.0865649C0.974904 0.0865649 1 0.134508 1 0.193627C1 0.237421 0.986234 0.275005 0.966503 0.291683C0.986234 0.308251 1 0.345835 1 0.389628C1 0.436629 0.98412 0.476492 0.962117 0.490891C0.98412 0.505289 1 0.545153 1 0.592153C1 0.635946 0.986234 0.673531 0.966503 0.690099C0.986234 0.706666 1 0.744361 1 0.788154C1 0.847273 0.974904 0.895217 0.943957 0.895217C0.930134 0.895217 0.917561 0.885691 0.90781 0.869846C0.908625 0.877297 0.90911 0.884968 0.90911 0.892827C0.90911 0.951947 0.884014 0.999984 0.853068 0.999984C0.83095 0.999984 0.811877 0.975447 0.802768 0.939937C0.793659 0.975447 0.774586 0.999984 0.752469 0.999984C0.73198 0.999984 0.714149 0.978858 0.704341 0.947593C0.694583 0.978858 0.676702 0.999984 0.656263 0.999984C0.634154 0.999984 0.615073 0.975447 0.605964 0.939937C0.596806 0.975447 0.577782 0.999984 0.555664 0.999984C0.531983 0.999984 0.511766 0.971926 0.503579 0.932267C0.495343 0.971926 0.475126 0.999984 0.451494 0.999984C0.429377 0.999984 0.410303 0.975447 0.401195 0.939937C0.39202 0.975463 0.372996 1 0.350887 1C0.327198 1 0.306981 0.971941 0.298802 0.932282C0.290565 0.971941 0.270349 1 0.246717 1C0.224608 1 0.205526 0.975463 0.196417 0.939953C0.187259 0.975463 0.168236 1 0.146118 1C0.115114 1 0.0900175 0.951963 0.0900174 0.892843C0.0900174 0.885597 0.0904535 0.878444 0.0911529 0.871512C0.0815588 0.88632 0.0693644 0.895217 0.0560346 0.895217C0.0250963 0.895217 -6.67589e-09 0.847274 -9.26008e-09 0.788154C-1.11743e-08 0.744361 0.0137659 0.706666 0.0334973 0.690099C0.0137659 0.673531 -1.59133e-08 0.635946 -1.78276e-08 0.592153C-1.98827e-08 0.545137 0.0158806 0.505289 0.037883 0.490891C0.0158806 0.476492 -2.46257e-08 0.436629 -2.66802e-08 0.389629C-2.85945e-08 0.345835 0.0137659 0.308251 0.0334973 0.291683C0.0137659 0.275005 -3.33334e-08 0.237421 -3.52477e-08 0.193628C-3.78319e-08 0.134508 0.0250962 0.086565 0.0560428 0.086565C0.0688872 0.086565 0.0806536 0.0948488 0.090075 0.108619C0.090075 0.1081 0.0900256 0.107581 0.0900256 0.107063C0.0900256 0.0479431 0.115122 -5.03214e-09 0.146126 -6.38738e-09C0.168235 -7.35381e-09 0.187259 0.0244431 0.196426 0.0599524C0.205534 0.0244431 0.224607 -9.81791e-09 0.246725 -1.07847e-08C0.270357 -1.18177e-08 0.290574 0.0280585 0.29881 0.0676077L0.298802 0.0676077Z" fill="#D9D9D9" />
  </clipPath>
</svg>
